500
283
401
47
146
156
194
316
53
373
72
46
340
96
207
409
323
492
241
37
233
276
409
35
220
299
399
23
343
286
404
374
240
57
136
62
255
217
464
195
372
304
186
142
109
357
172
483
69
247
403
223
143
238
263
171
220
141
427
364
184
412
495
43
144
223
195
430
247
244
477
435
172
63
206
90
434
197
314
466
473
346
21
315
459
284
57
299
494
63
489
259
286
474
86
176
257
320
91
95
284
87
103
191
286
381
441
271
82
90
449
13
382
474
355
409
290
363
198
376
151
295
390
496
58
215
373
284
279
419
309
193
89
275
22
122
18
368
18
120
374
126
293
416
10
186
230
167
408
241
212
81
491
226
280
297
457
60
288
338
169
387
268
27
214
314
48
111
136
456
362
147
47
237
376
51
302
276
46
162
257
450
269
83
132
461
105
284
287
294
25
445
455
357
43
169
299
118
430
286
331
46
357
323
400
79
328
373
247
240
142
224
120
176
36
69
382
299
252
38
490
166
58
185
79
487
311
481
206
198
236
372
454
47
171
498
203
85
124
357
97
133
349
153
299
256
33
364
371
290
494
33
127
34
258
159
413
147
380
305
402
102
429
289
93
98
499
52
360
328
13
217
355
411
122
314
342
465
411
479
487
309
144
197
149
114
293
62
435
50
47
495
238
166
204
235
205
26
436
145
46
458
261
210
289
220
458
342
310
354
83
220
301
235
272
172
222
499
18
295
123
211
444
48
152
105
237
64
172
195
333
109
133
137
235
447
221
386
292
13
248
355
263
298
240
480
115
267
318
29
213
469
312
35
394
124
415
155
277
112
205
325
113
55
125
305
132
23
343
134
137
238
442
214
214
168
321
291
307
314
417
276
401
248
147
387
31
239
365
466
415
474
69
417
120
195
245
488
148
55
379
311
286
333
184
205
251
143
482
321
10
407
306
109
398
29
414
221
390
83
218
435
285
458
24
470
142
456
157
367
112
42
237
216
226
206
302
15
70
344
261
176
417
10
232
256
213
99
445
188
246
484
15
24
457
417
97
321
188
109
229
138
422
396
272
145
67
434
171
454
177
73
201
197
230
379
109
281
79
247
70
407
320
163
13
453
447
274
310
191
365
63
487
243
358
446
365
409
254
329
404
57
87
55
39
43
29
78
43
40
58
71
72
46
18
74
37
51
26
58
52
25
52
35
94
86
32
32
37
42
48
95
92
78
84
62
4
31
16
42
11
30
66
30
35
81
40
31
58
35
99
28
43
3
34
74
41
79
84
67
42
17
60
12
72
55
97
57
40
34
5
73
94
23
4
26
39
65
27
60
53
62
40
97
57
22
15
69
8
51
28
5
14
32
70
6
69
21
92
98
52
2
18
44
18
57
7
17
84
57
77
34
32
52
40
55
38
9
70
76
64
85
36
2
91
12
90
58
42
81
20
20
57
62
48
23
34
11
81
32
33
29
47
82
68
61
13
57
39
52
52
91
41
60
69
99
35
78
25
64
30
73
27
75
80
80
19
4
18
35
56
16
40
61
28
19
16
8
43
87
98
73
23
13
63
48
16
25
75
64
42
2
90
67
61
29
43
84
16
46
16
43
35
91
94
59
83
73
2
65
82
17
64
16
90
35
41
15
96
22
65
16
7
37
79
80
86
20
60
17
65
47
60
63
81
4
85
88
63
7
6
34
71
87
84
6
54
60
43
43
35
24
2
25
10
2
60
39
55
76
34
47
59
21
50
33
96
37
7
37
8
55
31
12
30
5
20
13
55
61
90
50
2
58
11
92
62
2
58
66
3
12
21
20
45
38
67
78
39
43
50
80
23
48
52
22
60
32
20
21
13
27
52
14
8
15
9
96
81
85
25
98
22
61
39
39
64
52
91
15
54
42
58
95
28
43
57
54
11
22
52
75
94
81
68
12
85
4
46
82
39
60
78
45
19
9
30
21
51
87
38
33
1
17
77
52
12
52
63
52
70
38
52
25
59
85
52
54
22
7
3
81
11
63
34
61
79
50
51
69
64
21
80
29
18
94
41
71
21
78
31
17
14
6
56
79
32
94
46
43
59
29
81
37
76
82
6
78
19
37
48
1
11
20
20
1
3
16
69
59
74
45
49
69
77
67
52
36
62
33
41
28
69
2
48
65
36
21
22
42
9
82
29
22
79
71
24
83
89
99
7
97
17
30
16
95
89
54
4
8
89
88
43
59
88
24
71
8
50
23
88
97
21
19
33
39
61
75
20
61
73
82
59
22
86
95
8
1
22
72
93
1000
5000
1000
0.5
0.015