100
237
196
27
279
152
49
43
203
165
292
287
262
240
46
46
157
277
72
109
283
183
196
152
273
142
188
135
219
105
60
255
186
159
209
254
122
183
278
201
208
205
137
287
270
66
48
204
231
168
100
174
58
146
205
121
274
175
288
65
267
280
184
279
188
190
127
74
255
89
45
179
228
28
192
118
209
170
117
66
145
44
78
254
252
277
190
260
121
140
155
253
44
299
229
147
194
161
230
61
239
58
56
18
72
37
71
75
24
15
88
53
64
82
15
4
32
63
77
51
15
91
2
83
72
8
62
61
56
48
5
68
51
82
79
91
12
20
29
96
82
56
11
7
68
9
5
62
7
73
99
92
22
54
7
80
45
50
25
12
62
91
5
61
22
36
57
36
52
22
11
92
5
22
28
79
39
50
26
82
88
78
73
99
99
83
17
22
40
69
91
42
79
99
65
49
2
9
47
10
45
2000
500
1000
0.6
0.015