500
604
549
484
495
626
628
971
288
212
420
718
985
696
860
962
199
365
650
628
723
975
50
263
819
424
225
159
225
496
98
264
956
441
810
780
956
803
251
171
815
182
638
936
499
959
632
955
324
455
198
305
188
280
496
331
559
927
710
397
806
934
87
589
315
244
86
786
932
226
246
633
184
66
727
89
388
840
163
978
49
478
37
648
508
806
380
127
539
68
26
232
745
725
355
484
965
95
432
669
518
392
378
295
555
154
442
418
656
479
117
75
280
316
468
514
103
364
495
443
962
947
671
365
853
237
993
906
453
270
479
354
70
51
903
809
226
326
601
256
713
562
480
297
796
154
691
318
55
601
28
834
322
743
274
340
388
459
716
338
307
548
368
847
572
366
624
48
431
83
799
611
174
905
311
521
613
465
159
280
521
905
464
720
67
33
47
302
761
285
895
330
386
315
914
808
403
329
233
893
457
692
153
554
69
102
270
782
705
673
474
967
849
281
642
332
656
175
845
558
80
238
804
899
323
414
520
770
191
957
209
542
269
771
465
684
195
154
422
875
29
714
659
860
185
718
506
250
418
68
819
543
245
275
663
454
910
917
252
679
542
85
102
667
210
178
58
643
449
127
479
367
402
934
108
771
486
951
226
800
107
440
500
483
949
766
470
535
872
974
527
856
673
166
167
692
429
565
115
751
907
963
550
662
782
26
125
771
906
511
858
27
824
87
368
516
90
813
457
752
422
96
100
154
334
496
179
861
959
286
734
331
37
314
82
63
731
74
780
992
781
988
74
962
171
920
988
215
246
725
570
509
827
230
960
166
683
798
251
793
525
572
657
140
433
137
888
608
421
529
577
826
470
680
133
888
628
718
841
464
434
516
277
996
50
159
254
774
963
306
137
324
255
550
742
186
969
78
247
422
750
599
570
365
414
434
193
289
540
892
916
530
116
945
338
647
987
773
142
100
327
407
227
88
581
931
49
690
68
722
436
802
284
637
527
549
319
586
235
961
595
321
523
403
834
255
986
273
804
709
791
445
646
165
692
482
766
745
191
47
330
407
210
407
139
592
517
49
764
666
693
734
60
946
513
621
270
600
780
57
32
595
878
110
834
619
364
997
405
494
385
804
888
607
756
631
171
682
769
600
411
196
182
49
63
147
57
37
81
144
61
177
122
187
62
135
76
126
7
177
1
50
39
80
191
110
185
159
181
11
80
197
35
115
132
53
118
143
18
6
157
95
41
137
62
87
35
88
80
193
25
39
196
95
19
174
192
192
15
22
49
37
113
99
157
46
74
87
105
65
69
49
148
141
143
86
117
83
18
87
133
81
120
108
89
75
18
136
86
37
32
181
52
187
63
30
45
34
14
199
141
173
155
61
163
136
35
86
93
38
118
171
165
137
22
85
91
66
169
21
191
12
151
80
155
159
138
147
81
120
20
36
131
66
188
29
14
46
135
53
126
31
147
66
82
168
147
54
152
10
100
36
1
174
57
88
120
110
108
30
144
18
122
24
95
24
124
76
177
165
138
7
184
80
20
141
125
17
192
31
122
154
34
47
195
133
47
63
46
62
34
186
177
59
183
42
3
118
53
101
130
181
65
81
145
143
87
136
9
166
65
12
136
35
108
69
175
137
149
33
186
96
68
44
179
30
163
151
170
99
62
156
111
28
4
77
158
81
66
106
160
12
55
188
191
77
180
111
187
118
33
37
109
114
138
137
39
77
77
114
35
180
61
47
21
97
3
36
46
42
16
110
5
58
122
194
67
124
56
151
192
145
25
155
134
128
166
62
98
7
57
72
164
182
2
31
168
185
136
34
142
159
170
83
192
105
76
197
88
141
142
106
7
145
88
68
35
197
190
58
84
153
125
84
34
52
66
36
176
149
91
5
31
161
45
8
18
82
152
51
163
70
97
102
56
122
143
79
46
49
197
14
131
186
146
169
170
159
197
149
112
165
88
194
147
176
110
151
147
105
17
36
88
1
50
102
2
33
111
182
114
178
52
67
91
45
188
75
127
19
178
111
52
85
196
199
36
169
5
92
21
99
173
118
16
125
7
64
161
97
138
21
169
179
51
176
70
132
146
73
48
54
192
86
140
78
76
55
87
40
114
81
142
148
189
65
96
78
152
40
121
95
59
55
22
48
158
69
26
155
110
137
71
55
14
142
168
44
48
35
99
163
50
108
198
6
125
187
129
53
82
168
95
56
110
13
104
154
73
42
186
60
173
125
174
168
127
199
42
39
46
115
105
34
2
179
116
132
188
150
19
5000
500
3000
0.5
0.01